var __defProp = Object.defineProperty;
var __export = (target, all) => {
  for (var name in all)
    __defProp(target, name, { get: all[name], enumerable: true });
};

// gen/front_end/core/common/App.js
var App_exports = {};

// gen/front_end/core/common/AppProvider.js
var AppProvider_exports = {};
__export(AppProvider_exports, {
  getRegisteredAppProviders: () => getRegisteredAppProviders,
  registerAppProvider: () => registerAppProvider
});
import * as Root from "./../root/root.js";
var registeredAppProvider = [];
function registerAppProvider(registration) {
  registeredAppProvider.push(registration);
}
function getRegisteredAppProviders() {
  return registeredAppProvider.filter((provider) => Root.Runtime.Runtime.isDescriptorEnabled({ experiment: void 0, condition: provider.condition })).sort((firstProvider, secondProvider) => {
    const order1 = firstProvider.order || 0;
    const order2 = secondProvider.order || 0;
    return order1 - order2;
  });
}

// gen/front_end/core/common/Base64.js
var Base64_exports = {};
__export(Base64_exports, {
  BASE64_CHARS: () => BASE64_CHARS,
  BASE64_CODES: () => BASE64_CODES,
  decode: () => decode,
  encode: () => encode
});
var BASE64_CHARS = "ABCDEFGHIJKLMNOPQRSTUVWXYZabcdefghijklmnopqrstuvwxyz0123456789+/";
var BASE64_CODES = new Uint8Array(123);
for (let index = 0; index < BASE64_CHARS.length; ++index) {
  BASE64_CODES[BASE64_CHARS.charCodeAt(index)] = index;
}
function decode(input) {
  let bytesLength = input.length * 3 / 4 >>> 0;
  if (input.charCodeAt(input.length - 2) === 61) {
    bytesLength -= 2;
  } else if (input.charCodeAt(input.length - 1) === 61) {
    bytesLength -= 1;
  }
  const bytes = new Uint8Array(bytesLength);
  for (let index = 0, offset = 0; index < input.length; index += 4) {
    const a = BASE64_CODES[input.charCodeAt(index + 0)];
    const b = BASE64_CODES[input.charCodeAt(index + 1)];
    const c = BASE64_CODES[input.charCodeAt(index + 2)];
    const d = BASE64_CODES[input.charCodeAt(index + 3)];
    bytes[offset++] = a << 2 | b >> 4;
    bytes[offset++] = (b & 15) << 4 | c >> 2;
    bytes[offset++] = (c & 3) << 6 | d & 63;
  }
  return bytes;
}
function encode(input) {
  return new Promise((resolve, reject) => {
    const reader = new FileReader();
    reader.onerror = () => reject(new Error("failed to convert to base64"));
    reader.onload = () => {
      const blobAsUrl = reader.result;
      const [, base64] = blobAsUrl.split(",", 2);
      resolve(base64);
    };
    reader.readAsDataURL(new Blob([input]));
  });
}

// gen/front_end/core/common/CharacterIdMap.js
var CharacterIdMap_exports = {};
__export(CharacterIdMap_exports, {
  CharacterIdMap: () => CharacterIdMap
});
var CharacterIdMap = class {
  #elementToCharacter = /* @__PURE__ */ new Map();
  #characterToElement = /* @__PURE__ */ new Map();
  #charCode = 33;
  toChar(object) {
    let character = this.#elementToCharacter.get(object);
    if (!character) {
      if (this.#charCode >= 65535) {
        throw new Error("CharacterIdMap ran out of capacity!");
      }
      character = String.fromCharCode(this.#charCode++);
      this.#elementToCharacter.set(object, character);
      this.#characterToElement.set(character, object);
    }
    return character;
  }
  fromChar(character) {
    const object = this.#characterToElement.get(character);
    if (object === void 0) {
      return null;
    }
    return object;
  }
};

// gen/front_end/core/common/Color.js
var Color_exports = {};
__export(Color_exports, {
  ColorFunction: () => ColorFunction,
  ColorMixRegex: () => ColorMixRegex,
  Generator: () => Generator,
  HSL: () => HSL,
  HWB: () => HWB,
  IsolationModeHighlight: () => IsolationModeHighlight,
  LCH: () => LCH,
  Lab: () => Lab,
  Legacy: () => Legacy,
  Nickname: () => Nickname,
  Nicknames: () => Nicknames,
  Oklab: () => Oklab,
  Oklch: () => Oklch,
  PageHighlight: () => PageHighlight,
  Regex: () => Regex,
  ShortHex: () => ShortHex,
  SourceOrderHighlight: () => SourceOrderHighlight,
  approachColorValue: () => approachColorValue,
  desiredLuminance: () => desiredLuminance,
  findFgColorForContrast: () => findFgColorForContrast,
  findFgColorForContrastAPCA: () => findFgColorForContrastAPCA,
  getFormat: () => getFormat,
  hsl2rgb: () => hsl2rgb,
  hsva2rgba: () => hsva2rgba,
  parse: () => parse,
  parseHueNumeric: () => parseHueNumeric,
  rgb2hsv: () => rgb2hsv
});
import * as Platform from "./../platform/platform.js";

// gen/front_end/core/common/ColorConverter.js
var ColorConverter_exports = {};
__export(ColorConverter_exports, {
  ColorConverter: () => ColorConverter
});
var D50_X = 0.9642;
var D50_Y = 1;
var D50_Z = 0.8251;
var Vector3 = class {
  values = [0, 0, 0];
  constructor(values) {
    if (values) {
      this.values = values;
    }
  }
};
var Matrix3x3 = class {
  values = [
    [0, 0, 0],
    [0, 0, 0],
    [0, 0, 0]
  ];
  constructor(values) {
    if (values) {
      this.values = values;
    }
  }
  multiply(other) {
    const dst = new Vector3();
    for (let row = 0; row < 3; ++row) {
      dst.values[row] = this.values[row][0] * other.values[0] + this.values[row][1] * other.values[1] + this.values[row][2] * other.values[2];
    }
    return dst;
  }
};
var TransferFunction = class {
  g;
  a;
  b;
  c;
  d;
  e;
  f;
  constructor(g, a, b = 0, c = 0, d = 0, e = 0, f = 0) {
    this.g = g;
    this.a = a;
    this.b = b;
    this.c = c;
    this.d = d;
    this.e = e;
    this.f = f;
  }
  eval(val) {
    const sign = val < 0 ? -1 : 1;
    const abs = val * sign;
    if (abs < this.d) {
      return sign * (this.c * abs + this.f);
    }
    return sign * (Math.pow(this.a * abs + this.b, this.g) + this.e);
  }
};
var NAMED_TRANSFER_FN = {
  sRGB: new TransferFunction(2.4, 1 / 1.055, 0.055 / 1.055, 1 / 12.92, 0.04045, 0, 0),
  sRGB_INVERSE: new TransferFunction(0.416667, 1.13728, -0, 12.92, 31308e-7, -0.0549698, -0),
  proPhotoRGB: new TransferFunction(1.8, 1),
  proPhotoRGB_INVERSE: new TransferFunction(0.555556, 1, -0, 0, 0, 0, 0),
  k2Dot2: new TransferFunction(2.2, 1),
  k2Dot2_INVERSE: new TransferFunction(0.454545, 1),
  rec2020: new TransferFunction(2.22222, 0.909672, 0.0903276, 0.222222, 0.0812429, 0, 0),
  rec2020_INVERSE: new TransferFunction(0.45, 1.23439, -0, 4.5, 0.018054, -0.0993195, -0)
};
var NAMED_GAMUTS = {
  sRGB: new Matrix3x3([
    [0.436065674, 0.385147095, 0.143066406],
    [0.222488403, 0.716873169, 0.06060791],
    [0.013916016, 0.097076416, 0.714096069]
  ]),
  sRGB_INVERSE: new Matrix3x3([
    [3.134112151374599, -1.6173924597114966, -0.4906334036481285],
    [-0.9787872938826594, 1.9162795854799963, 0.0334547139520088],
    [0.07198304248352326, -0.2289858493321844, 1.4053851325241447]
  ]),
  displayP3: new Matrix3x3([
    [0.515102, 0.291965, 0.157153],
    [0.241182, 0.692236, 0.0665819],
    [-104941e-8, 0.0418818, 0.784378]
  ]),
  displayP3_INVERSE: new Matrix3x3([
    [2.404045155982687, -0.9898986932663839, -0.3976317191366333],
    [-0.8422283799266768, 1.7988505115115485, 0.016048170293157416],
    [0.04818705979712955, -0.09737385156228891, 1.2735066448052303]
  ]),
  adobeRGB: new Matrix3x3([
    [0.60974, 0.20528, 0.14919],
    [0.31111, 0.62567, 0.06322],
    [0.01947, 0.06087, 0.74457]
  ]),
  adobeRGB_INVERSE: new Matrix3x3([
    [1.9625385510109137, -0.6106892546501431, -0.3413827467482388],
    [-0.9787580455521, 1.9161624707082339, 0.03341676594241408],
    [0.028696263137883395, -0.1406807819331586, 1.349252109991369]
  ]),
  rec2020: new Matrix3x3([
    [0.673459, 0.165661, 0.1251],
    [0.279033, 0.675338, 0.0456288],
    [-193139e-8, 0.0299794, 0.797162]
  ]),
  rec2020_INVERSE: new Matrix3x3([
    [1.647275201661012, -0.3936024771460771, -0.23598028884792507],
    [-0.6826176165196962, 1.647617775014935, 0.01281626807852422],
    [0.029662725298529837, -0.06291668721366285, 1.2533964313435522]
  ]),
  xyz: new Matrix3x3([
    [1, 0, 0],
    [0, 1, 0],
    [0, 0, 1]
  ])
};
function degToRad(deg) {
  return deg * (Math.PI / 180);
}
function radToDeg(rad) {
  return rad * (180 / Math.PI);
}
function applyTransferFns(fn, r, g, b) {
  return [fn.eval(r), fn.eval(g), fn.eval(b)];
}
var OKLAB_TO_LMS_MATRIX = new Matrix3x3([
  [0.9999999984505198, 0.39633779217376786, 0.2158037580607588],
  [1.0000000088817609, -0.10556134232365635, -0.06385417477170591],
  [1.0000000546724108, -0.08948418209496575, -1.2914855378640917]
]);
var LMS_TO_OKLAB_MATRIX = new Matrix3x3([
  [0.2104542553, 0.7936177849999999, -0.0040720468],
  [1.9779984951000003, -2.4285922049999997, 0.4505937099000001],
  [0.025904037099999982, 0.7827717662, -0.8086757660000001]
]);
var XYZ_TO_LMS_MATRIX = new Matrix3x3([
  [0.8190224432164319, 0.3619062562801221, -0.12887378261216414],
  [0.0329836671980271, 0.9292868468965546, 0.03614466816999844],
  [0.048177199566046255, 0.26423952494422764, 0.6335478258136937]
]);
var LMS_TO_XYZ_MATRIX = new Matrix3x3([
  [1.226879873374156, -0.5578149965554814, 0.2813910501772159],
  [-0.040575762624313734, 1.1122868293970596, -0.07171106666151703],
  [-0.07637294974672144, -0.4214933239627915, 1.586924024427242]
]);
var PRO_PHOTO_TO_XYZD50_MATRIX = new Matrix3x3([
  [0.7976700747153241, 0.13519395152800417, 0.03135596341127167],
  [0.28803902352472205, 0.7118744007923554, 8661179538844252e-20],
  [2739876695467402e-22, -14405226518969991e-22, 0.825211112593861]
]);
var XYZD50_TO_PRO_PHOTO_MATRIX = new Matrix3x3([
  [1.3459533710138858, -0.25561367037652133, -0.051116041522131374],
  [-0.544600415668951, 1.5081687311475767, 0.020535163968720935],
  [-13975622054109725e-22, 2717590904589903e-21, 1.2118111696814942]
]);
var XYZD65_TO_XYZD50_MATRIX = new Matrix3x3([
  [1.0478573189120088, 0.022907374491829943, -0.050162247377152525],
  [0.029570500050499514, 0.9904755577034089, -0.017061518194840468],
  [-0.00924047197558879, 0.015052921526981566, 0.7519708530777581]
]);
var XYZD50_TO_XYZD65_MATRIX = new Matrix3x3([
  [0.9555366447632887, -0.02306009252137888, 0.06321844147263304],
  [-0.028315378228764922, 1.009951351591575, 0.021026001591792402],
  [0.012308773293784308, -0.02050053471777469, 1.3301947294775631]
]);
var ColorConverter = class _ColorConverter {
  static labToXyzd50(l, a, b) {
    let y = (l + 16) / 116;
    let x = y + a / 500;
    let z = y - b / 200;
    function labInverseTransferFunction(t) {
      const delta = 24 / 116;
      if (t <= delta) {
        return 108 / 841 * (t - 16 / 116);
      }
      return t * t * t;
    }
    x = labInverseTransferFunction(x) * D50_X;
    y = labInverseTransferFunction(y) * D50_Y;
    z = labInverseTransferFunction(z) * D50_Z;
    return [x, y, z];
  }
  static xyzd50ToLab(x, y, z) {
    function labTransferFunction(t) {
      const deltaLimit = 24 / 116 * (24 / 116) * (24 / 116);
      if (t <= deltaLimit) {
        return 841 / 108 * t + 16 / 116;
      }
      return Math.pow(t, 1 / 3);
    }
    x = labTransferFunction(x / D50_X);
    y = labTransferFunction(y / D50_Y);
    z = labTransferFunction(z / D50_Z);
    const l = 116 * y - 16;
    const a = 500 * (x - y);
    const b = 200 * (y - z);
    return [l, a, b];
  }
  static oklabToXyzd65(l, a, b) {
    const labInput = new Vector3([l, a, b]);
    const lmsIntermediate = OKLAB_TO_LMS_MATRIX.multiply(labInput);
    lmsIntermediate.values[0] = lmsIntermediate.values[0] * lmsIntermediate.values[0] * lmsIntermediate.values[0];
    lmsIntermediate.values[1] = lmsIntermediate.values[1] * lmsIntermediate.values[1] * lmsIntermediate.values[1];
    lmsIntermediate.values[2] = lmsIntermediate.values[2] * lmsIntermediate.values[2] * lmsIntermediate.values[2];
    const xyzOutput = LMS_TO_XYZ_MATRIX.multiply(lmsIntermediate);
    return xyzOutput.values;
  }
  static xyzd65ToOklab(x, y, z) {
    const xyzInput = new Vector3([x, y, z]);
    const lmsIntermediate = XYZ_TO_LMS_MATRIX.multiply(xyzInput);
    lmsIntermediate.values[0] = Math.pow(lmsIntermediate.values[0], 1 / 3);
    lmsIntermediate.values[1] = Math.pow(lmsIntermediate.values[1], 1 / 3);
    lmsIntermediate.values[2] = Math.pow(lmsIntermediate.values[2], 1 / 3);
    const labOutput = LMS_TO_OKLAB_MATRIX.multiply(lmsIntermediate);
    return [labOutput.values[0], labOutput.values[1], labOutput.values[2]];
  }
  static lchToLab(l, c, h) {
    if (h === void 0) {
      return [l, 0, 0];
    }
    return [l, c * Math.cos(degToRad(h)), c * Math.sin(degToRad(h))];
  }
  static labToLch(l, a, b) {
    return [l, Math.sqrt(a * a + b * b), radToDeg(Math.atan2(b, a))];
  }
  static displayP3ToXyzd50(r, g, b) {
    const [mappedR, mappedG, mappedB] = applyTransferFns(NAMED_TRANSFER_FN.sRGB, r, g, b);
    const rgbInput = new Vector3([mappedR, mappedG, mappedB]);
    const xyzOutput = NAMED_GAMUTS.displayP3.multiply(rgbInput);
    return xyzOutput.values;
  }
  static xyzd50ToDisplayP3(x, y, z) {
    const xyzInput = new Vector3([x, y, z]);
    const rgbOutput = NAMED_GAMUTS.displayP3_INVERSE.multiply(xyzInput);
    return applyTransferFns(NAMED_TRANSFER_FN.sRGB_INVERSE, rgbOutput.values[0], rgbOutput.values[1], rgbOutput.values[2]);
  }
  static proPhotoToXyzd50(r, g, b) {
    const [mappedR, mappedG, mappedB] = applyTransferFns(NAMED_TRANSFER_FN.proPhotoRGB, r, g, b);
    const rgbInput = new Vector3([mappedR, mappedG, mappedB]);
    const xyzOutput = PRO_PHOTO_TO_XYZD50_MATRIX.multiply(rgbInput);
    return xyzOutput.values;
  }
  static xyzd50ToProPhoto(x, y, z) {
    const xyzInput = new Vector3([x, y, z]);
    const rgbOutput = XYZD50_TO_PRO_PHOTO_MATRIX.multiply(xyzInput);
    return applyTransferFns(NAMED_TRANSFER_FN.proPhotoRGB_INVERSE, rgbOutput.values[0], rgbOutput.values[1], rgbOutput.values[2]);
  }
  static adobeRGBToXyzd50(r, g, b) {
    const [mappedR, mappedG, mappedB] = applyTransferFns(NAMED_TRANSFER_FN.k2Dot2, r, g, b);
    const rgbInput = new Vector3([mappedR, mappedG, mappedB]);
    const xyzOutput = NAMED_GAMUTS.adobeRGB.multiply(rgbInput);
    return xyzOutput.values;
  }
  static xyzd50ToAdobeRGB(x, y, z) {
    const xyzInput = new Vector3([x, y, z]);
    const rgbOutput = NAMED_GAMUTS.adobeRGB_INVERSE.multiply(xyzInput);
    return applyTransferFns(NAMED_TRANSFER_FN.k2Dot2_INVERSE, rgbOutput.values[0], rgbOutput.values[1], rgbOutput.values[2]);
  }
  static rec2020ToXyzd50(r, g, b) {
    const [mappedR, mappedG, mappedB] = applyTransferFns(NAMED_TRANSFER_FN.rec2020, r, g, b);
    const rgbInput = new Vector3([mappedR, mappedG, mappedB]);
    const xyzOutput = NAMED_GAMUTS.rec2020.multiply(rgbInput);
    return xyzOutput.values;
  }
  static xyzd50ToRec2020(x, y, z) {
    const xyzInput = new Vector3([x, y, z]);
    const rgbOutput = NAMED_GAMUTS.rec2020_INVERSE.multiply(xyzInput);
    return applyTransferFns(NAMED_TRANSFER_FN.rec2020_INVERSE, rgbOutput.values[0], rgbOutput.values[1], rgbOutput.values[2]);
  }
  static xyzd50ToD65(x, y, z) {
    const xyzInput = new Vector3([x, y, z]);
    const xyzOutput = XYZD50_TO_XYZD65_MATRIX.multiply(xyzInput);
    return xyzOutput.values;
  }
  static xyzd65ToD50(x, y, z) {
    const xyzInput = new Vector3([x, y, z]);
    const xyzOutput = XYZD65_TO_XYZD50_MATRIX.multiply(xyzInput);
    return xyzOutput.values;
  }
  static xyzd50TosRGBLinear(x, y, z) {
    const xyzInput = new Vector3([x, y, z]);
    const rgbResult = NAMED_GAMUTS.sRGB_INVERSE.multiply(xyzInput);
    return rgbResult.values;
  }
  static srgbLinearToXyzd50(r, g, b) {
    const rgbInput = new Vector3([r, g, b]);
    const xyzOutput = NAMED_GAMUTS.sRGB.multiply(rgbInput);
    return xyzOutput.values;
  }
  static srgbToXyzd50(r, g, b) {
    const [mappedR, mappedG, mappedB] = applyTransferFns(NAMED_TRANSFER_FN.sRGB, r, g, b);
    const rgbInput = new Vector3([mappedR, mappedG, mappedB]);
    const xyzOutput = NAMED_GAMUTS.sRGB.multiply(rgbInput);
    return xyzOutput.values;
  }
  static xyzd50ToSrgb(x, y, z) {
    const xyzInput = new Vector3([x, y, z]);
    const rgbOutput = NAMED_GAMUTS.sRGB_INVERSE.multiply(xyzInput);
    return applyTransferFns(NAMED_TRANSFER_FN.sRGB_INVERSE, rgbOutput.values[0], rgbOutput.values[1], rgbOutput.values[2]);
  }
  static oklchToXyzd50(lInput, c, h) {
    const [l, a, b] = _ColorConverter.lchToLab(lInput, c, h);
    const [x65, y65, z65] = _ColorConverter.oklabToXyzd65(l, a, b);
    return _ColorConverter.xyzd65ToD50(x65, y65, z65);
  }
  static xyzd50ToOklch(x, y, z) {
    const [x65, y65, z65] = _ColorConverter.xyzd50ToD65(x, y, z);
    const [l, a, b] = _ColorConverter.xyzd65ToOklab(x65, y65, z65);
    return _ColorConverter.labToLch(l, a, b);
  }
};

// gen/front_end/core/common/ColorUtils.js
var ColorUtils_exports = {};
__export(ColorUtils_exports, {
  blendColors: () => blendColors,
  contrastRatio: () => contrastRatio,
  contrastRatioAPCA: () => contrastRatioAPCA,
  contrastRatioByLuminanceAPCA: () => contrastRatioByLuminanceAPCA,
  desiredLuminanceAPCA: () => desiredLuminanceAPCA,
  getAPCAThreshold: () => getAPCAThreshold,
  getContrastThreshold: () => getContrastThreshold,
  isLargeFont: () => isLargeFont,
  luminance: () => luminance,
  luminanceAPCA: () => luminanceAPCA,
  rgbToHsl: () => rgbToHsl,
  rgbToHwb: () => rgbToHwb,
  rgbaToHsla: () => rgbaToHsla,
  rgbaToHwba: () => rgbaToHwba
});
function blendColors(fgRGBA, bgRGBA) {
  const alpha = fgRGBA[3];
  return [
    (1 - alpha) * bgRGBA[0] + alpha * fgRGBA[0],
    (1 - alpha) * bgRGBA[1] + alpha * fgRGBA[1],
    (1 - alpha) * bgRGBA[2] + alpha * fgRGBA[2],
    alpha + bgRGBA[3] * (1 - alpha)
  ];
}
function rgbToHue([r, g, b]) {
  const max = Math.max(r, g, b);
  const min = Math.min(r, g, b);
  const diff = max - min;
  let h;
  if (min === max) {
    h = 0;
  } else if (r === max) {
    h = (1 / 6 * (g - b) / diff + 1) % 1;
  } else if (g === max) {
    h = 1 / 6 * (b - r) / diff + 1 / 3;
  } else {
    h = 1 / 6 * (r - g) / diff + 2 / 3;
  }
  return h;
}
function rgbToHsl(rgb) {
  const [h, s, l] = rgbaToHsla([...rgb, void 0]);
  return [h, s, l];
}
function rgbaToHsla([r, g, b, a]) {
  const max = Math.max(r, g, b);
  const min = Math.min(r, g, b);
  const diff = max - min;
  const sum = max + min;
  const h = rgbToHue([r, g, b]);
  const l = 0.5 * sum;
  let s;
  if (l === 0) {
    s = 0;
  } else if (l === 1) {
    s = 0;
  } else if (l <= 0.5) {
    s = diff / sum;
  } else {
    s = diff / (2 - sum);
  }
  return [h, s, l, a];
}
function rgbToHwb(rgb) {
  const [h, w, b] = rgbaToHwba([...rgb, void 0]);
  return [h, w, b];
}
function rgbaToHwba([r, g, b, a]) {
  const h = rgbToHue([r, g, b]);
  const max = Math.max(r, g, b);
  const min = Math.min(r, g, b);
  return [h, min, 1 - max, a];
}
function luminance([rSRGB, gSRGB, bSRGB]) {
  const r = rSRGB <= 0.04045 ? rSRGB / 12.92 : Math.pow((rSRGB + 0.055) / 1.055, 2.4);
  const g = gSRGB <= 0.04045 ? gSRGB / 12.92 : Math.pow((gSRGB + 0.055) / 1.055, 2.4);
  const b = bSRGB <= 0.04045 ? bSRGB / 12.92 : Math.pow((bSRGB + 0.055) / 1.055, 2.4);
  return 0.2126 * r + 0.7152 * g + 0.0722 * b;
}
function contrastRatio(fgRGBA, bgRGBA) {
  const blendedFg = blendColors(fgRGBA, bgRGBA);
  const fgLuminance = luminance(blendedFg);
  const bgLuminance = luminance(bgRGBA);
  const contrastRatio2 = (Math.max(fgLuminance, bgLuminance) + 0.05) / (Math.min(fgLuminance, bgLuminance) + 0.05);
  return contrastRatio2;
}
var mainTRC = 2.4;
var normBgExp = 0.56;
var normFgExp = 0.57;
var revBgExp = 0.65;
var revFgExp = 0.62;
var blkThrs = 0.022;
var blkClmp = 1.414;
var scaleBoW = 1.14;
var scaleWoB = 1.14;
var loConOffset = 0.027;
var loClip = 0.1;
var deltaLuminanceMin = 5e-4;
function luminanceAPCA([rSRGB, gSRGB, bSRGB]) {
  const r = Math.pow(rSRGB, mainTRC);
  const g = Math.pow(gSRGB, mainTRC);
  const b = Math.pow(bSRGB, mainTRC);
  return 0.2126729 * r + 0.7151522 * g + 0.072175 * b;
}
function contrastRatioAPCA(fgRGBA, bgRGBA) {
  const blendedFg = blendColors(fgRGBA, bgRGBA);
  return contrastRatioByLuminanceAPCA(luminanceAPCA(blendedFg), luminanceAPCA(bgRGBA));
}
function clampLuminance(value) {
  return value > blkThrs ? value : value + Math.pow(blkThrs - value, blkClmp);
}
function contrastRatioByLuminanceAPCA(fgLuminance, bgLuminance) {
  fgLuminance = clampLuminance(fgLuminance);
  bgLuminance = clampLuminance(bgLuminance);
  if (Math.abs(fgLuminance - bgLuminance) < deltaLuminanceMin) {
    return 0;
  }
  let result = 0;
  if (bgLuminance > fgLuminance) {
    result = (Math.pow(bgLuminance, normBgExp) - Math.pow(fgLuminance, normFgExp)) * scaleBoW;
    result = result < loClip ? 0 : result - loConOffset;
  } else {
    result = (Math.pow(bgLuminance, revBgExp) - Math.pow(fgLuminance, revFgExp)) * scaleWoB;
    result = result > -loClip ? 0 : result + loConOffset;
  }
  return result * 100;
}
function desiredLuminanceAPCA(luminance2, contrast, lighter) {
  luminance2 = clampLuminance(luminance2);
  contrast /= 100;
  function computeLuminance() {
    if (!lighter) {
      return Math.pow(Math.abs(Math.pow(luminance2, normBgExp) - (contrast + loConOffset) / scaleBoW), 1 / normFgExp);
    }
    return Math.pow(Math.abs(Math.pow(luminance2, revBgExp) - (-contrast - loConOffset) / scaleWoB), 1 / revFgExp);
  }
  let desiredLuminance2 = computeLuminance();
  if (desiredLuminance2 < 0 || desiredLuminance2 > 1) {
    lighter = !lighter;
    desiredLuminance2 = computeLuminance();
  }
  return desiredLuminance2;
}
var contrastAPCALookupTable = [
  // See https://github.com/Myndex/SAPC-APCA
  // font size in px | 100 | 200 | 300 | 400 | 500 | 600 | 700 | 800 | 900 weights
  [12, -1, -1, -1, -1, 100, 90, 80, -1, -1],
  [14, -1, -1, -1, 100, 90, 80, 60, 60, -1],
  [16, -1, -1, 100, 90, 80, 60, 55, 50, 50],
  [18, -1, -1, 90, 80, 60, 55, 50, 40, 40],
  [24, -1, 100, 80, 60, 55, 50, 40, 38, 35],
  [30, -1, 90, 70, 55, 50, 40, 38, 35, 40],
  [36, -1, 80, 60, 50, 40, 38, 35, 30, 25],
  [48, 100, 70, 55, 40, 38, 35, 30, 25, 20],
  [60, 90, 60, 50, 38, 35, 30, 25, 20, 20],
  [72, 80, 55, 40, 35, 30, 25, 20, 20, 20],
  [96, 70, 50, 35, 30, 25, 20, 20, 20, 20],
  [120, 60, 40, 30, 25, 20, 20, 20, 20, 20]
];
contrastAPCALookupTable.reverse();
function getAPCAThreshold(fontSize, fontWeight) {
  const size = parseFloat(fontSize.replace("px", ""));
  const weight = parseFloat(fontWeight);
  for (const [rowSize, ...rowWeights] of contrastAPCALookupTable) {
    if (size >= rowSize) {
      for (const [idx, keywordWeight] of [900, 800, 700, 600, 500, 400, 300, 200, 100].entries()) {
        if (weight >= keywordWeight) {
          const threshold = rowWeights[rowWeights.length - 1 - idx];
          return threshold === -1 ? null : threshold;
        }
      }
    }
  }
  return null;
}
function isLargeFont(fontSize, fontWeight) {
  const boldWeights = ["bold", "bolder"];
  const fontSizePx = parseFloat(fontSize.replace("px", ""));
  const isBold = isNaN(Number(fontWeight)) ? boldWeights.includes(fontWeight) : Number(fontWeight) >= 600;
  const fontSizePt = fontSizePx * 72 / 96;
  if (isBold) {
    return fontSizePt >= 14;
  }
  return fontSizePt >= 18;
}
var contrastThresholds = {
  largeFont: { aa: 3, aaa: 4.5 },
  normalFont: { aa: 4.5, aaa: 7 }
};
function getContrastThreshold(fontSize, fontWeight) {
  if (isLargeFont(fontSize, fontWeight)) {
    return contrastThresholds.largeFont;
  }
  return contrastThresholds.normalFont;
}

// gen/front_end/core/common/Color.js
function normalizeHue(hue) {
  return (hue % 360 + 360) % 360;
}
function parseAngle(angleText) {
  const angle = angleText.replace(/(deg|g?rad|turn)$/, "");
  if (isNaN(angle) || angleText.match(/\s+(deg|g?rad|turn)/)) {
    return null;
  }
  const number = parseFloat(angle);
  if (angleText.includes("turn")) {
    return number * 360;
  }
  if (angleText.includes("grad")) {
    return number * 9 / 10;
  }
  if (angleText.includes("rad")) {
    return number * 180 / Math.PI;
  }
  return number;
}
function getFormat(formatText) {
  switch (formatText) {
    case "hex":
      return "hex";
    case "hexa":
      return "hexa";
    case "rgb":
      return "rgb";
    case "rgba":
      return "rgba";
    case "hsl":
      return "hsl";
    case "hsla":
      return "hsla";
    case "hwb":
      return "hwb";
    case "hwba":
      return "hwba";
    case "lch":
      return "lch";
    case "oklch":
      return "oklch";
    case "lab":
      return "lab";
    case "oklab":
      return "oklab";
  }
  return getColorSpace(formatText);
}
function getColorSpace(colorSpaceText) {
  switch (colorSpaceText) {
    case "srgb":
      return "srgb";
    case "srgb-linear":
      return "srgb-linear";
    case "display-p3":
      return "display-p3";
    case "a98-rgb":
      return "a98-rgb";
    case "prophoto-rgb":
      return "prophoto-rgb";
    case "rec2020":
      return "rec2020";
    case "xyz":
      return "xyz";
    case "xyz-d50":
      return "xyz-d50";
    case "xyz-d65":
      return "xyz-d65";
  }
  return null;
}
function mapPercentToRange(percent, range) {
  const sign = Math.sign(percent);
  const absPercent = Math.abs(percent);
  const [outMin, outMax] = range;
  return sign * (absPercent * (outMax - outMin) / 100 + outMin);
}
function parse(text) {
  if (!text.match(/\s/)) {
    const match2 = text.toLowerCase().match(/^(?:#([0-9a-f]{3,4}|[0-9a-f]{6}|[0-9a-f]{8})|(\w+))$/i);
    if (match2) {
      if (match2[1]) {
        return Legacy.fromHex(match2[1], text);
      }
      if (match2[2]) {
        return Nickname.fromName(match2[2], text);
      }
      return null;
    }
  }
  const match = text.toLowerCase().match(/^\s*(?:(rgba?)|(hsla?)|(hwba?)|(lch)|(oklch)|(lab)|(oklab)|(color))\((.*)\)\s*$/);
  if (match) {
    const isRgbaMatch = Boolean(match[1]);
    const isHslaMatch = Boolean(match[2]);
    const isHwbaMatch = Boolean(match[3]);
    const isLchMatch = Boolean(match[4]);
    const isOklchMatch = Boolean(match[5]);
    const isLabMatch = Boolean(match[6]);
    const isOklabMatch = Boolean(match[7]);
    const isColorMatch = Boolean(match[8]);
    const valuesText = match[9];
    if (isColorMatch) {
      return ColorFunction.fromSpec(text, valuesText);
    }
    const isOldSyntax = isRgbaMatch || isHslaMatch || isHwbaMatch;
    const allowCommas = isRgbaMatch || isHslaMatch;
    const convertNoneToZero = !isOldSyntax;
    const values = splitColorFunctionParameters(valuesText, { allowCommas, convertNoneToZero });
    if (!values) {
      return null;
    }
    const spec = [values[0], values[1], values[2], values[3]];
    if (isRgbaMatch) {
      return Legacy.fromRGBAFunction(values[0], values[1], values[2], values[3], text);
    }
    if (isHslaMatch) {
      return HSL.fromSpec(spec, text);
    }
    if (isHwbaMatch) {
      return HWB.fromSpec(spec, text);
    }
    if (isLchMatch) {
      return LCH.fromSpec(spec, text);
    }
    if (isOklchMatch) {
      return Oklch.fromSpec(spec, text);
    }
    if (isLabMatch) {
      return Lab.fromSpec(spec, text);
    }
    if (isOklabMatch) {
      return Oklab.fromSpec(spec, text);
    }
  }
  return null;
}
function splitColorFunctionParameters(content, { allowCommas, convertNoneToZero }) {
  const components = content.trim();
  let values = [];
  if (allowCommas) {
    values = components.split(/\s*,\s*/);
  }
  if (!allowCommas || values.length === 1) {
    values = components.split(/\s+/);
    if (values[3] === "/") {
      values.splice(3, 1);
      if (values.length !== 4) {
        return null;
      }
    } else if (values.length > 2 && values[2].indexOf("/") !== -1 || values.length > 3 && values[3].indexOf("/") !== -1) {
      const alpha = values.slice(2, 4).join("");
      values = values.slice(0, 2).concat(alpha.split(/\//)).concat(values.slice(4));
    } else if (values.length >= 4) {
      return null;
    }
  }
  if (values.length !== 3 && values.length !== 4 || values.indexOf("") > -1) {
    return null;
  }
  if (convertNoneToZero) {
    return values.map((value) => value === "none" ? "0" : value);
  }
  return values;
}
function clamp(value, { min, max }) {
  if (value === null) {
    return value;
  }
  if (min !== void 0) {
    value = Math.max(value, min);
  }
  if (max !== void 0) {
    value = Math.min(value, max);
  }
  return value;
}
function parsePercentage(value, range) {
  if (!value.endsWith("%")) {
    return null;
  }
  const percentage = parseFloat(value.substr(0, value.length - 1));
  return isNaN(percentage) ? null : mapPercentToRange(percentage, range);
}
function parseNumber(value) {
  const number = parseFloat(value);
  return isNaN(number) ? null : number;
}
function parseAlpha(value) {
  if (value === void 0) {
    return null;
  }
  return clamp(parsePercentage(value, [0, 1]) ?? parseNumber(value), { min: 0, max: 1 });
}
function parsePercentOrNumber(value, range = [0, 1]) {
  if (isNaN(value.replace("%", ""))) {
    return null;
  }
  const parsed = parseFloat(value);
  if (value.indexOf("%") !== -1) {
    if (value.indexOf("%") !== value.length - 1) {
      return null;
    }
    return mapPercentToRange(parsed, range);
  }
  return parsed;
}
function parseRgbNumeric(value) {
  const parsed = parsePercentOrNumber(value);
  if (parsed === null) {
    return null;
  }
  if (value.indexOf("%") !== -1) {
    return parsed;
  }
  return parsed / 255;
}
function parseHueNumeric(value) {
  const angle = value.replace(/(deg|g?rad|turn)$/, "");
  if (isNaN(angle) || value.match(/\s+(deg|g?rad|turn)/)) {
    return null;
  }
  const number = parseFloat(angle);
  if (value.indexOf("turn") !== -1) {
    return number % 1;
  }
  if (value.indexOf("grad") !== -1) {
    return number / 400 % 1;
  }
  if (value.indexOf("rad") !== -1) {
    return number / (2 * Math.PI) % 1;
  }
  return number / 360 % 1;
}
function parseSatLightNumeric(value) {
  if (value.indexOf("%") !== value.length - 1 || isNaN(value.replace("%", ""))) {
    return null;
  }
  const parsed = parseFloat(value);
  return parsed / 100;
}
function parseAlphaNumeric(value) {
  return parsePercentOrNumber(value);
}
function hsva2hsla(hsva) {
  const h = hsva[0];
  let s = hsva[1];
  const v = hsva[2];
  const t = (2 - s) * v;
  if (v === 0 || s === 0) {
    s = 0;
  } else {
    s *= v / (t < 1 ? t : 2 - t);
  }
  return [h, s, t / 2, hsva[3]];
}
function hsl2rgb(hsl) {
  const h = hsl[0];
  let s = hsl[1];
  const l = hsl[2];
  function hue2rgb(p2, q2, h2) {
    if (h2 < 0) {
      h2 += 1;
    } else if (h2 > 1) {
      h2 -= 1;
    }
    if (h2 * 6 < 1) {
      return p2 + (q2 - p2) * h2 * 6;
    }
    if (h2 * 2 < 1) {
      return q2;
    }
    if (h2 * 3 < 2) {
      return p2 + (q2 - p2) * (2 / 3 - h2) * 6;
    }
    return p2;
  }
  if (s < 0) {
    s = 0;
  }
  let q;
  if (l <= 0.5) {
    q = l * (1 + s);
  } else {
    q = l + s - l * s;
  }
  const p = 2 * l - q;
  const tr = h + 1 / 3;
  const tg = h;
  const tb = h - 1 / 3;
  return [hue2rgb(p, q, tr), hue2rgb(p, q, tg), hue2rgb(p, q, tb), hsl[3]];
}
function hwb2rgb(hwb) {
  const h = hwb[0];
  const w = hwb[1];
  const b = hwb[2];
  const whiteRatio = w / (w + b);
  let result = [whiteRatio, whiteRatio, whiteRatio, hwb[3]];
  if (w + b < 1) {
    result = hsl2rgb([h, 1, 0.5, hwb[3]]);
    for (let i = 0; i < 3; ++i) {
      result[i] += w - (w + b) * result[i];
    }
  }
  return result;
}
function hsva2rgba(hsva) {
  return hsl2rgb(hsva2hsla(hsva));
}
function rgb2hsv(rgba) {
  const hsla = rgbToHsl(rgba);
  const h = hsla[0];
  let s = hsla[1];
  const l = hsla[2];
  s *= l < 0.5 ? l : 1 - l;
  return [h, s !== 0 ? 2 * s / (l + s) : 0, l + s];
}
function desiredLuminance(luminance2, contrast, lighter) {
  function computeLuminance() {
    if (lighter) {
      return (luminance2 + 0.05) * contrast - 0.05;
    }
    return (luminance2 + 0.05) / contrast - 0.05;
  }
  let desiredLuminance2 = computeLuminance();
  if (desiredLuminance2 < 0 || desiredLuminance2 > 1) {
    lighter = !lighter;
    desiredLuminance2 = computeLuminance();
  }
  return desiredLuminance2;
}
function approachColorValue(candidateHSVA, index, desiredLuminance2, candidateLuminance) {
  const epsilon = 2e-4;
  let x = candidateHSVA[index];
  let multiplier = 1;
  let dLuminance = candidateLuminance(candidateHSVA) - desiredLuminance2;
  let previousSign = Math.sign(dLuminance);
  for (let guard = 100; guard; guard--) {
    if (Math.abs(dLuminance) < epsilon) {
      candidateHSVA[index] = x;
      return x;
    }
    const sign = Math.sign(dLuminance);
    if (sign !== previousSign) {
      multiplier /= 2;
      previousSign = sign;
    } else if (x < 0 || x > 1) {
      return null;
    }
    x += multiplier * (index === 2 ? -dLuminance : dLuminance);
    candidateHSVA[index] = x;
    dLuminance = candidateLuminance(candidateHSVA) - desiredLuminance2;
  }
  return null;
}
function findFgColorForContrast(fgColor, bgColor, requiredContrast) {
  const candidateHSVA = fgColor.as(
    "hsl"
    /* Format.HSL */
  ).hsva();
  const bgRGBA = bgColor.rgba();
  const candidateLuminance = (candidateHSVA2) => {
    return luminance(blendColors(Legacy.fromHSVA(candidateHSVA2).rgba(), bgRGBA));
  };
  const bgLuminance = luminance(bgColor.rgba());
  const fgLuminance = candidateLuminance(candidateHSVA);
  const fgIsLighter = fgLuminance > bgLuminance;
  const desired = desiredLuminance(bgLuminance, requiredContrast, fgIsLighter);
  const saturationComponentIndex = 1;
  const valueComponentIndex = 2;
  if (approachColorValue(candidateHSVA, valueComponentIndex, desired, candidateLuminance)) {
    return Legacy.fromHSVA(candidateHSVA);
  }
  candidateHSVA[valueComponentIndex] = 1;
  if (approachColorValue(candidateHSVA, saturationComponentIndex, desired, candidateLuminance)) {
    return Legacy.fromHSVA(candidateHSVA);
  }
  return null;
}
function findFgColorForContrastAPCA(fgColor, bgColor, requiredContrast) {
  const candidateHSVA = fgColor.as(
    "hsl"
    /* Format.HSL */
  ).hsva();
  const candidateLuminance = (candidateHSVA2) => {
    return luminanceAPCA(Legacy.fromHSVA(candidateHSVA2).rgba());
  };
  const bgLuminance = luminanceAPCA(bgColor.rgba());
  const fgLuminance = candidateLuminance(candidateHSVA);
  const fgIsLighter = fgLuminance >= bgLuminance;
  const desiredLuminance2 = desiredLuminanceAPCA(bgLuminance, requiredContrast, fgIsLighter);
  const saturationComponentIndex = 1;
  const valueComponentIndex = 2;
  if (approachColorValue(candidateHSVA, valueComponentIndex, desiredLuminance2, candidateLuminance)) {
    const candidate = Legacy.fromHSVA(candidateHSVA);
    if (Math.abs(contrastRatioAPCA(bgColor.rgba(), candidate.rgba())) >= requiredContrast) {
      return candidate;
    }
  }
  candidateHSVA[valueComponentIndex] = 1;
  if (approachColorValue(candidateHSVA, saturationComponentIndex, desiredLuminance2, candidateLuminance)) {
    const candidate = Legacy.fromHSVA(candidateHSVA);
    if (Math.abs(contrastRatioAPCA(bgColor.rgba(), candidate.rgba())) >= requiredContrast) {
      return candidate;
    }
  }
  return null;
}
var EPSILON = 0.01;
var WIDE_RANGE_EPSILON = 1;
function equals(a, b, accuracy = EPSILON) {
  if (Array.isArray(a) && Array.isArray(b)) {
    if (a.length !== b.length) {
      return false;
    }
    for (const i in a) {
      if (!equals(a[i], b[i])) {
        return false;
      }
    }
    return true;
  }
  if (Array.isArray(a) || Array.isArray(b)) {
    return false;
  }
  if (a === null || b === null) {
    return a === b;
  }
  return Math.abs(a - b) < accuracy;
}
function lessOrEquals(a, b, accuracy = EPSILON) {
  return a - b <= accuracy;
}
var Lab = class _Lab {
  l;
  a;
  b;
  alpha;
  #authoredText;
  #rawParams;
  channels = [
    "l",
    "a",
    "b",
    "alpha"
    /* ColorChannel.ALPHA */
  ];
  static #conversions = {
    [
      "hex"
      /* Format.HEX */
    ]: (self) => new Legacy(
      self.#getRGBArray(
        /* withAlpha= */
        false
      ),
      "hex"
      /* Format.HEX */
    ),
    [
      "hexa"
      /* Format.HEXA */
    ]: (self) => new Legacy(
      self.#getRGBArray(
        /* withAlpha= */
        true
      ),
      "hexa"
      /* Format.HEXA */
    ),
    [
      "rgb"
      /* Format.RGB */
    ]: (self) => new Legacy(
      self.#getRGBArray(
        /* withAlpha= */
        false
      ),
      "rgb"
      /* Format.RGB */
    ),
    [
      "rgba"
      /* Format.RGBA */
    ]: (self) => new Legacy(
      self.#getRGBArray(
        /* withAlpha= */
        true
      ),
      "rgba"
      /* Format.RGBA */
    ),
    [
      "hsl"
      /* Format.HSL */
    ]: (self) => new HSL(...rgbToHsl(self.#getRGBArray(
      /* withAlpha= */
      false
    )), self.alpha),
    [
      "hsla"
      /* Format.HSLA */
    ]: (self) => new HSL(...rgbToHsl(self.#getRGBArray(
      /* withAlpha= */
      false
    )), self.alpha),
    [
      "hwb"
      /* Format.HWB */
    ]: (self) => new HWB(...rgbToHwb(self.#getRGBArray(
      /* withAlpha= */
      false
    )), self.alpha),
    [
      "hwba"
      /* Format.HWBA */
    ]: (self) => new HWB(...rgbToHwb(self.#getRGBArray(
      /* withAlpha= */
      false
    )), self.alpha),
    [
      "lch"
      /* Format.LCH */
    ]: (self) => new LCH(...ColorConverter.labToLch(self.l, self.a, self.b), self.alpha),
    [
      "oklch"
      /* Format.OKLCH */
    ]: (self) => new Oklch(...ColorConverter.xyzd50ToOklch(...self.#toXyzd50()), self.alpha),
    [
      "lab"
      /* Format.LAB */
    ]: (self) => self,
    [
      "oklab"
      /* Format.OKLAB */
    ]: (self) => new Oklab(...ColorConverter.xyzd65ToOklab(...ColorConverter.xyzd50ToD65(...self.#toXyzd50())), self.alpha),
    [
      "srgb"
      /* Format.SRGB */
    ]: (self) => new ColorFunction("srgb", ...ColorConverter.xyzd50ToSrgb(...self.#toXyzd50()), self.alpha),
    [
      "srgb-linear"
      /* Format.SRGB_LINEAR */
    ]: (self) => new ColorFunction("srgb-linear", ...ColorConverter.xyzd50TosRGBLinear(...self.#toXyzd50()), self.alpha),
    [
      "display-p3"
      /* Format.DISPLAY_P3 */
    ]: (self) => new ColorFunction("display-p3", ...ColorConverter.xyzd50ToDisplayP3(...self.#toXyzd50()), self.alpha),
    [
      "a98-rgb"
      /* Format.A98_RGB */
    ]: (self) => new ColorFunction("a98-rgb", ...ColorConverter.xyzd50ToAdobeRGB(...self.#toXyzd50()), self.alpha),
    [
      "prophoto-rgb"
      /* Format.PROPHOTO_RGB */
    ]: (self) => new ColorFunction("prophoto-rgb", ...ColorConverter.xyzd50ToProPhoto(...self.#toXyzd50()), self.alpha),
    [
      "rec2020"
      /* Format.REC_2020 */
    ]: (self) => new ColorFunction("rec2020", ...ColorConverter.xyzd50ToRec2020(...self.#toXyzd50()), self.alpha),
    [
      "xyz"
      /* Format.XYZ */
    ]: (self) => new ColorFunction("xyz", ...ColorConverter.xyzd50ToD65(...self.#toXyzd50()), self.alpha),
    [
      "xyz-d50"
      /* Format.XYZ_D50 */
    ]: (self) => new ColorFunction("xyz-d50", ...self.#toXyzd50(), self.alpha),
    [
      "xyz-d65"
      /* Format.XYZ_D65 */
    ]: (self) => new ColorFunction("xyz-d65", ...ColorConverter.xyzd50ToD65(...self.#toXyzd50()), self.alpha)
  };
  #toXyzd50() {
    return ColorConverter.labToXyzd50(this.l, this.a, this.b);
  }
  #getRGBArray(withAlpha = true) {
    const params = ColorConverter.xyzd50ToSrgb(...this.#toXyzd50());
    if (withAlpha) {
      return [...params, this.alpha ?? void 0];
    }
    return params;
  }
  constructor(l, a, b, alpha, authoredText) {
    this.#rawParams = [l, a, b];
    this.l = clamp(l, { min: 0, max: 100 });
    if (equals(this.l, 0, WIDE_RANGE_EPSILON) || equals(this.l, 100, WIDE_RANGE_EPSILON)) {
      a = b = 0;
    }
    this.a = a;
    this.b = b;
    this.alpha = clamp(alpha, { min: 0, max: 1 });
    this.#authoredText = authoredText;
  }
  is(format) {
    return format === this.format();
  }
  as(format) {
    return _Lab.#conversions[format](this);
  }
  asLegacyColor() {
    return this.as(
      "rgba"
      /* Format.RGBA */
    );
  }
  equal(color) {
    const lab = color.as(
      "lab"
      /* Format.LAB */
    );
    return equals(lab.l, this.l, WIDE_RANGE_EPSILON) && equals(lab.a, this.a) && equals(lab.b, this.b) && equals(lab.alpha, this.alpha);
  }
  format() {
    return "lab";
  }
